Iter	GbestFitn	Gbestsize	AvgFitn	AvgSize
0	0.10342656673471642	1	0.0032320802104598887	0.03125	1	1
1	0.10342656673471642	1	0.0032320802104598887	0.03125	0	1
2	0.10342656673471642	1	0.004309440280613184	0.041666666666666664	0	1
3	0.10342656673471642	1	0.00538680035076648	0.052083333333333336	0	1
4	0.10342656673471642	1	0.00538680035076648	0.052083333333333336	0	1
5	0.10342656673471642	1	0.00538680035076648	0.052083333333333336	0	1
6	0.10342656673471642	1	0.00538680035076648	0.052083333333333336	0	1
7	0.10342656673471642	1	0.0075415204910730714	0.07291666666666667	0	1
8	0.10342656673471642	1	0.0075415204910730714	0.07291666666666667	0	1
9	0.10342656673471642	1	0.006464160420919776	0.0625	0	1
10	0.10342656673471642	1	0.0075415204910730714	0.07291666666666667	0	1
11	0.10342656673471642	1	0.008618880561226368	0.08333333333333333	0	1
12	0.10342656673471642	1	0.006464160420919776	0.0625	0	1
13	0.10342656673471642	1	0.00538680035076648	0.052083333333333336	0	1
14	0.10342656673471642	1	0.0075415204910730714	0.07291666666666667	0	1
15	0.10342656673471642	1	0.008618880561226368	0.08333333333333333	0	1
16	0.10342656673471642	1	0.0075415204910730714	0.07291666666666667	0	1
17	0.10342656673471642	1	0.008618880561226368	0.08333333333333333	0	1
18	0.10342656673471642	1	0.008618880561226368	0.08333333333333333	0	1
19	0.10342656673471642	1	0.0075415204910730714	0.07291666666666667	0	1
20	0.10342656673471642	1	0.006464160420919776	0.0625	0	1
21	0.10342656673471642	1	0.006464160420919776	0.0625	0	1
22	0.10342656673471642	1	0.006464160420919776	0.0625	0	1
23	0.10342656673471642	1	0.0075415204910730714	0.07291666666666667	0	1
24	0.10342656673471642	1	0.008618880561226368	0.08333333333333333	0	1
25	0.10342656673471642	1	0.008618880561226368	0.08333333333333333	0	1
26	0.10342656673471642	1	0.008618880561226368	0.08333333333333333	0	1
27	0.10342656673471642	1	0.006464160420919776	0.0625	0	1
28	0.10342656673471642	1	0.006464160420919776	0.0625	0	1
29	0.10342656673471642	1	0.0075415204910730714	0.07291666666666667	0	1
30	0.10342656673471642	1	0.006464160420919776	0.0625	0	1
31	0.10342656673471642	1	0.006464160420919776	0.0625	0	1
32	0.10342656673471642	1	0.0075415204910730714	0.07291666666666667	0	1
33	0.10342656673471642	1	0.008618880561226368	0.08333333333333333	0	1
34	0.10342656673471642	1	0.0075415204910730714	0.07291666666666667	0	1
35	0.10342656673471642	1	0.006464160420919776	0.0625	0	1
36	0.10342656673471642	1	0.008618880561226368	0.08333333333333333	0	1
37	0.10342656673471642	1	0.008618880561226368	0.08333333333333333	0	1
38	0.10342656673471642	1	0.006464160420919776	0.0625	0	1
39	0.10342656673471642	1	0.006464160420919776	0.0625	0	1
40	0.10342656673471642	1	0.008618880561226368	0.08333333333333333	0	1
41	0.10342656673471642	1	0.008618880561226368	0.08333333333333333	0	1
42	0.10342656673471642	1	0.0075415204910730714	0.07291666666666667	0	1
43	0.10342656673471642	1	0.0075415204910730714	0.07291666666666667	0	1
44	0.10342656673471642	1	0.0075415204910730714	0.07291666666666667	0	1
45	0.10342656673471642	1	0.0075415204910730714	0.07291666666666667	0	1
46	0.10342656673471642	1	0.0075415204910730714	0.07291666666666667	0	1
47	0.10342656673471642	1	0.008618880561226368	0.08333333333333333	0	1
48	0.10342656673471642	1	0.008618880561226368	0.08333333333333333	0	1
49	0.10342656673471642	1	0.0075415204910730714	0.07291666666666667	0	1
50	0.10342656673471642	1	0.006464160420919776	0.0625	0	1
51	0.10342656673471642	1	0.0075415204910730714	0.07291666666666667	0	1
52	0.10342656673471642	1	0.008618880561226368	0.08333333333333333	0	1
53	0.10342656673471642	1	0.008618880561226368	0.08333333333333333	0	1
54	0.10342656673471642	1	0.008618880561226368	0.08333333333333333	0	1
55	0.10342656673471642	1	0.008618880561226368	0.08333333333333333	0	1
56	0.10342656673471642	1	0.0075415204910730714	0.07291666666666667	0	1
57	0.10342656673471642	1	0.006464160420919776	0.0625	0	1
58	0.10342656673471642	1	0.006464160420919776	0.0625	0	1
59	0.10342656673471642	1	0.008618880561226368	0.08333333333333333	0	1
60	0.10342656673471642	1	0.008618880561226368	0.08333333333333333	0	1
61	0.10342656673471642	1	0.008618880561226368	0.08333333333333333	0	1
62	0.10342656673471642	1	0.008618880561226368	0.08333333333333333	0	1
63	0.10342656673471642	1	0.008618880561226368	0.08333333333333333	0	1
64	0.10342656673471642	1	0.008618880561226368	0.08333333333333333	0	1
65	0.10342656673471642	1	0.0075415204910730714	0.07291666666666667	0	1
66	0.10342656673471642	1	0.0075415204910730714	0.07291666666666667	0	1
67	0.10342656673471642	1	0.0075415204910730714	0.07291666666666667	0	1
68	0.10342656673471642	1	0.008618880561226368	0.08333333333333333	0	1
69	0.10342656673471642	1	0.008618880561226368	0.08333333333333333	0	1
70	0.10342656673471642	1	0.0075415204910730714	0.07291666666666667	0	1
71	0.10342656673471642	1	0.0075415204910730714	0.07291666666666667	0	1
72	0.10342656673471642	1	0.008618880561226368	0.08333333333333333	0	1
73	0.10342656673471642	1	0.0075415204910730714	0.07291666666666667	0	1
74	0.10342656673471642	1	0.008618880561226368	0.08333333333333333	0	1
75	0.10342656673471642	1	0.008618880561226368	0.08333333333333333	0	1
76	0.10342656673471642	1	0.008618880561226368	0.08333333333333333	0	1
77	0.10342656673471642	1	0.008618880561226368	0.08333333333333333	0	1
78	0.10342656673471642	1	0.0075415204910730714	0.07291666666666667	0	1
79	0.10342656673471642	1	0.008618880561226368	0.08333333333333333	0	1
80	0.10342656673471642	1	0.008618880561226368	0.08333333333333333	0	1
81	0.10342656673471642	1	0.008618880561226368	0.08333333333333333	0	1
82	0.10342656673471642	1	0.008618880561226368	0.08333333333333333	0	1
83	0.10342656673471642	1	0.0075415204910730714	0.07291666666666667	0	1
84	0.10342656673471642	1	0.0075415204910730714	0.07291666666666667	0	1
85	0.10342656673471642	1	0.008618880561226368	0.08333333333333333	0	1
86	0.10342656673471642	1	0.008618880561226368	0.08333333333333333	0	1
87	0.10342656673471642	1	0.008618880561226368	0.08333333333333333	0	1
88	0.10342656673471642	1	0.008618880561226368	0.08333333333333333	0	1
89	0.10342656673471642	1	0.0075415204910730714	0.07291666666666667	0	1
90	0.10342656673471642	1	0.0075415204910730714	0.07291666666666667	0	1
91	0.10342656673471642	1	0.008618880561226368	0.08333333333333333	0	1
92	0.10342656673471642	1	0.008618880561226368	0.08333333333333333	0	1
93	0.10342656673471642	1	0.008618880561226368	0.08333333333333333	0	1
94	0.10342656673471642	1	0.008618880561226368	0.08333333333333333	0	1
95	0.10342656673471642	1	0.0075415204910730714	0.07291666666666667	0	1
96	0.10342656673471642	1	0.0075415204910730714	0.07291666666666667	0	1
97	0.10342656673471642	1	0.0075415204910730714	0.07291666666666667	0	1
98	0.10342656673471642	1	0.008618880561226368	0.08333333333333333	0	1
99	0.10342656673471642	1	0.0075415204910730714	0.07291666666666667	0	1
0	0.10362256819335221	1	0.0032382052560422565	0.03125	1	1
1	0.10362256819335221	1	0.0032382052560422565	0.03125	0	1
2	0.10362256819335221	1	0.004317607008056342	0.041666666666666664	0	1
3	0.10362256819335221	1	0.005397008760070428	0.052083333333333336	0	1
4	0.10362256819335221	1	0.005397008760070428	0.052083333333333336	0	1
5	0.10362256819335221	1	0.005397008760070428	0.052083333333333336	0	1
6	0.10362256819335221	1	0.005397008760070428	0.052083333333333336	0	1
7	0.10362256819335221	1	0.007555812264098599	0.07291666666666667	0	1
8	0.10362256819335221	1	0.007555812264098599	0.07291666666666667	0	1
9	0.10362256819335221	1	0.006476410512084513	0.0625	0	1
10	0.10362256819335221	1	0.007555812264098599	0.07291666666666667	0	1
11	0.10362256819335221	1	0.008635214016112685	0.08333333333333333	0	1
12	0.10362256819335221	1	0.006476410512084513	0.0625	0	1
13	0.10362256819335221	1	0.005397008760070428	0.052083333333333336	0	1
14	0.10362256819335221	1	0.007555812264098599	0.07291666666666667	0	1
15	0.10362256819335221	1	0.008635214016112685	0.08333333333333333	0	1
16	0.10362256819335221	1	0.007555812264098599	0.07291666666666667	0	1
17	0.10362256819335221	1	0.008635214016112685	0.08333333333333333	0	1
18	0.10362256819335221	1	0.008635214016112685	0.08333333333333333	0	1
19	0.10362256819335221	1	0.007555812264098599	0.07291666666666667	0	1
20	0.10362256819335221	1	0.006476410512084513	0.0625	0	1
21	0.10362256819335221	1	0.006476410512084513	0.0625	0	1
22	0.10362256819335221	1	0.006476410512084513	0.0625	0	1
23	0.10362256819335221	1	0.007555812264098599	0.07291666666666667	0	1
24	0.10362256819335221	1	0.008635214016112685	0.08333333333333333	0	1
25	0.10362256819335221	1	0.008635214016112685	0.08333333333333333	0	1
26	0.10362256819335221	1	0.008635214016112685	0.08333333333333333	0	1
27	0.10362256819335221	1	0.006476410512084513	0.0625	0	1
28	0.10362256819335221	1	0.006476410512084513	0.0625	0	1
29	0.10362256819335221	1	0.007555812264098599	0.07291666666666667	0	1
30	0.10362256819335221	1	0.006476410512084513	0.0625	0	1
31	0.10362256819335221	1	0.006476410512084513	0.0625	0	1
32	0.10362256819335221	1	0.007555812264098599	0.07291666666666667	0	1
33	0.10362256819335221	1	0.008635214016112685	0.08333333333333333	0	1
34	0.10362256819335221	1	0.007555812264098599	0.07291666666666667	0	1
35	0.10362256819335221	1	0.006476410512084513	0.0625	0	1
36	0.10362256819335221	1	0.008635214016112685	0.08333333333333333	0	1
37	0.10362256819335221	1	0.008635214016112685	0.08333333333333333	0	1
38	0.10362256819335221	1	0.006476410512084513	0.0625	0	1
39	0.10362256819335221	1	0.006476410512084513	0.0625	0	1
40	0.10362256819335221	1	0.008635214016112685	0.08333333333333333	0	1
41	0.10362256819335221	1	0.008635214016112685	0.08333333333333333	0	1
42	0.10362256819335221	1	0.007555812264098599	0.07291666666666667	0	1
43	0.10362256819335221	1	0.007555812264098599	0.07291666666666667	0	1
44	0.10362256819335221	1	0.007555812264098599	0.07291666666666667	0	1
45	0.10362256819335221	1	0.007555812264098599	0.07291666666666667	0	1
46	0.10362256819335221	1	0.007555812264098599	0.07291666666666667	0	1
47	0.10362256819335221	1	0.008635214016112685	0.08333333333333333	0	1
48	0.10362256819335221	1	0.008635214016112685	0.08333333333333333	0	1
49	0.10362256819335221	1	0.007555812264098599	0.07291666666666667	0	1
50	0.10362256819335221	1	0.006476410512084513	0.0625	0	1
51	0.10362256819335221	1	0.007555812264098599	0.07291666666666667	0	1
52	0.10362256819335221	1	0.008635214016112685	0.08333333333333333	0	1
53	0.10362256819335221	1	0.008635214016112685	0.08333333333333333	0	1
54	0.10362256819335221	1	0.008635214016112685	0.08333333333333333	0	1
55	0.10362256819335221	1	0.008635214016112685	0.08333333333333333	0	1
56	0.10362256819335221	1	0.007555812264098599	0.07291666666666667	0	1
57	0.10362256819335221	1	0.006476410512084513	0.0625	0	1
58	0.10362256819335221	1	0.006476410512084513	0.0625	0	1
59	0.10362256819335221	1	0.008635214016112685	0.08333333333333333	0	1
60	0.10362256819335221	1	0.008635214016112685	0.08333333333333333	0	1
61	0.10362256819335221	1	0.008635214016112685	0.08333333333333333	0	1
62	0.10362256819335221	1	0.008635214016112685	0.08333333333333333	0	1
63	0.10362256819335221	1	0.008635214016112685	0.08333333333333333	0	1
64	0.10362256819335221	1	0.008635214016112685	0.08333333333333333	0	1
65	0.10362256819335221	1	0.007555812264098599	0.07291666666666667	0	1
66	0.10362256819335221	1	0.007555812264098599	0.07291666666666667	0	1
67	0.10362256819335221	1	0.007555812264098599	0.07291666666666667	0	1
68	0.10362256819335221	1	0.008635214016112685	0.08333333333333333	0	1
69	0.10362256819335221	1	0.008635214016112685	0.08333333333333333	0	1
70	0.10362256819335221	1	0.007555812264098599	0.07291666666666667	0	1
71	0.10362256819335221	1	0.007555812264098599	0.07291666666666667	0	1
72	0.10362256819335221	1	0.008635214016112685	0.08333333333333333	0	1
73	0.10362256819335221	1	0.007555812264098599	0.07291666666666667	0	1
74	0.10362256819335221	1	0.008635214016112685	0.08333333333333333	0	1
75	0.10362256819335221	1	0.008635214016112685	0.08333333333333333	0	1
76	0.10362256819335221	1	0.008635214016112685	0.08333333333333333	0	1
77	0.10362256819335221	1	0.008635214016112685	0.08333333333333333	0	1
78	0.10362256819335221	1	0.007555812264098599	0.07291666666666667	0	1
79	0.10362256819335221	1	0.008635214016112685	0.08333333333333333	0	1
80	0.10362256819335221	1	0.008635214016112685	0.08333333333333333	0	1
81	0.10362256819335221	1	0.008635214016112685	0.08333333333333333	0	1
82	0.10362256819335221	1	0.008635214016112685	0.08333333333333333	0	1
83	0.10362256819335221	1	0.007555812264098599	0.07291666666666667	0	1
84	0.10362256819335221	1	0.007555812264098599	0.07291666666666667	0	1
85	0.10362256819335221	1	0.008635214016112685	0.08333333333333333	0	1
86	0.10362256819335221	1	0.008635214016112685	0.08333333333333333	0	1
87	0.10362256819335221	1	0.008635214016112685	0.08333333333333333	0	1
88	0.10362256819335221	1	0.008635214016112685	0.08333333333333333	0	1
89	0.10362256819335221	1	0.007555812264098599	0.07291666666666667	0	1
90	0.10362256819335221	1	0.007555812264098599	0.07291666666666667	0	1
91	0.10362256819335221	1	0.008635214016112685	0.08333333333333333	0	1
92	0.10362256819335221	1	0.008635214016112685	0.08333333333333333	0	1
93	0.10362256819335221	1	0.008635214016112685	0.08333333333333333	0	1
94	0.10362256819335221	1	0.008635214016112685	0.08333333333333333	0	1
95	0.10362256819335221	1	0.007555812264098599	0.07291666666666667	0	1
96	0.10362256819335221	1	0.007555812264098599	0.07291666666666667	0	1
97	0.10362256819335221	1	0.007555812264098599	0.07291666666666667	0	1
98	0.10362256819335221	1	0.008635214016112685	0.08333333333333333	0	1
99	0.10362256819335221	1	0.007555812264098599	0.07291666666666667	0	1
0	0.10331296159974601	1	0.003228530049992063	0.03125	1	1
1	0.10331296159974601	1	0.003228530049992063	0.03125	0	1
2	0.10331296159974601	1	0.004304706733322751	0.041666666666666664	0	1
3	0.10331296159974601	1	0.005380883416653438	0.052083333333333336	0	1
4	0.10331296159974601	1	0.005380883416653438	0.052083333333333336	0	1
5	0.10331296159974601	1	0.005380883416653438	0.052083333333333336	0	1
6	0.10331296159974601	1	0.005380883416653438	0.052083333333333336	0	1
7	0.10331296159974601	1	0.007533236783314814	0.07291666666666667	0	1
8	0.10331296159974601	1	0.007533236783314814	0.07291666666666667	0	1
9	0.10331296159974601	1	0.006457060099984126	0.0625	0	1
10	0.10331296159974601	1	0.007533236783314814	0.07291666666666667	0	1
11	0.10331296159974601	1	0.008609413466645502	0.08333333333333333	0	1
12	0.10331296159974601	1	0.006457060099984126	0.0625	0	1
13	0.10331296159974601	1	0.005380883416653438	0.052083333333333336	0	1
14	0.10331296159974601	1	0.007533236783314814	0.07291666666666667	0	1
15	0.10331296159974601	1	0.008609413466645502	0.08333333333333333	0	1
16	0.10331296159974601	1	0.007533236783314814	0.07291666666666667	0	1
17	0.10331296159974601	1	0.008609413466645502	0.08333333333333333	0	1
18	0.10331296159974601	1	0.008609413466645502	0.08333333333333333	0	1
19	0.10331296159974601	1	0.007533236783314814	0.07291666666666667	0	1
20	0.10331296159974601	1	0.006457060099984126	0.0625	0	1
21	0.10331296159974601	1	0.006457060099984126	0.0625	0	1
22	0.10331296159974601	1	0.006457060099984126	0.0625	0	1
23	0.10331296159974601	1	0.007533236783314814	0.07291666666666667	0	1
24	0.10331296159974601	1	0.008609413466645502	0.08333333333333333	0	1
25	0.10331296159974601	1	0.008609413466645502	0.08333333333333333	0	1
26	0.10331296159974601	1	0.008609413466645502	0.08333333333333333	0	1
27	0.10331296159974601	1	0.006457060099984126	0.0625	0	1
28	0.10331296159974601	1	0.006457060099984126	0.0625	0	1
29	0.10331296159974601	1	0.007533236783314814	0.07291666666666667	0	1
30	0.10331296159974601	1	0.006457060099984126	0.0625	0	1
31	0.10331296159974601	1	0.006457060099984126	0.0625	0	1
32	0.10331296159974601	1	0.007533236783314814	0.07291666666666667	0	1
33	0.10331296159974601	1	0.008609413466645502	0.08333333333333333	0	1
34	0.10331296159974601	1	0.007533236783314814	0.07291666666666667	0	1
35	0.10331296159974601	1	0.006457060099984126	0.0625	0	1
36	0.10331296159974601	1	0.008609413466645502	0.08333333333333333	0	1
37	0.10331296159974601	1	0.008609413466645502	0.08333333333333333	0	1
38	0.10331296159974601	1	0.006457060099984126	0.0625	0	1
39	0.10331296159974601	1	0.006457060099984126	0.0625	0	1
40	0.10331296159974601	1	0.008609413466645502	0.08333333333333333	0	1
41	0.10331296159974601	1	0.008609413466645502	0.08333333333333333	0	1
42	0.10331296159974601	1	0.007533236783314814	0.07291666666666667	0	1
43	0.10331296159974601	1	0.007533236783314814	0.07291666666666667	0	1
44	0.10331296159974601	1	0.007533236783314814	0.07291666666666667	0	1
45	0.10331296159974601	1	0.007533236783314814	0.07291666666666667	0	1
46	0.10331296159974601	1	0.007533236783314814	0.07291666666666667	0	1
47	0.10331296159974601	1	0.008609413466645502	0.08333333333333333	0	1
48	0.10331296159974601	1	0.008609413466645502	0.08333333333333333	0	1
49	0.10331296159974601	1	0.007533236783314814	0.07291666666666667	0	1
50	0.10331296159974601	1	0.006457060099984126	0.0625	0	1
51	0.10331296159974601	1	0.007533236783314814	0.07291666666666667	0	1
52	0.10331296159974601	1	0.008609413466645502	0.08333333333333333	0	1
53	0.10331296159974601	1	0.008609413466645502	0.08333333333333333	0	1
54	0.10331296159974601	1	0.008609413466645502	0.08333333333333333	0	1
55	0.10331296159974601	1	0.008609413466645502	0.08333333333333333	0	1
56	0.10331296159974601	1	0.007533236783314814	0.07291666666666667	0	1
57	0.10331296159974601	1	0.006457060099984126	0.0625	0	1
58	0.10331296159974601	1	0.006457060099984126	0.0625	0	1
59	0.10331296159974601	1	0.008609413466645502	0.08333333333333333	0	1
60	0.10331296159974601	1	0.008609413466645502	0.08333333333333333	0	1
61	0.10331296159974601	1	0.008609413466645502	0.08333333333333333	0	1
62	0.10331296159974601	1	0.008609413466645502	0.08333333333333333	0	1
63	0.10331296159974601	1	0.008609413466645502	0.08333333333333333	0	1
64	0.10331296159974601	1	0.008609413466645502	0.08333333333333333	0	1
65	0.10331296159974601	1	0.007533236783314814	0.07291666666666667	0	1
66	0.10331296159974601	1	0.007533236783314814	0.07291666666666667	0	1
67	0.10331296159974601	1	0.007533236783314814	0.07291666666666667	0	1
68	0.10331296159974601	1	0.008609413466645502	0.08333333333333333	0	1
69	0.10331296159974601	1	0.008609413466645502	0.08333333333333333	0	1
70	0.10331296159974601	1	0.007533236783314814	0.07291666666666667	0	1
71	0.10331296159974601	1	0.007533236783314814	0.07291666666666667	0	1
72	0.10331296159974601	1	0.008609413466645502	0.08333333333333333	0	1
73	0.10331296159974601	1	0.007533236783314814	0.07291666666666667	0	1
74	0.10331296159974601	1	0.008609413466645502	0.08333333333333333	0	1
75	0.10331296159974601	1	0.008609413466645502	0.08333333333333333	0	1
76	0.10331296159974601	1	0.008609413466645502	0.08333333333333333	0	1
77	0.10331296159974601	1	0.008609413466645502	0.08333333333333333	0	1
78	0.10331296159974601	1	0.007533236783314814	0.07291666666666667	0	1
79	0.10331296159974601	1	0.008609413466645502	0.08333333333333333	0	1
80	0.10331296159974601	1	0.008609413466645502	0.08333333333333333	0	1
81	0.10331296159974601	1	0.008609413466645502	0.08333333333333333	0	1
82	0.10331296159974601	1	0.008609413466645502	0.08333333333333333	0	1
83	0.10331296159974601	1	0.007533236783314814	0.07291666666666667	0	1
84	0.10331296159974601	1	0.007533236783314814	0.07291666666666667	0	1
85	0.10331296159974601	1	0.008609413466645502	0.08333333333333333	0	1
86	0.10331296159974601	1	0.008609413466645502	0.08333333333333333	0	1
87	0.10331296159974601	1	0.008609413466645502	0.08333333333333333	0	1
88	0.10331296159974601	1	0.008609413466645502	0.08333333333333333	0	1
89	0.10331296159974601	1	0.007533236783314814	0.07291666666666667	0	1
90	0.10331296159974601	1	0.007533236783314814	0.07291666666666667	0	1
91	0.10331296159974601	1	0.008609413466645502	0.08333333333333333	0	1
92	0.10331296159974601	1	0.008609413466645502	0.08333333333333333	0	1
93	0.10331296159974601	1	0.008609413466645502	0.08333333333333333	0	1
94	0.10331296159974601	1	0.008609413466645502	0.08333333333333333	0	1
95	0.10331296159974601	1	0.007533236783314814	0.07291666666666667	0	1
96	0.10331296159974601	1	0.007533236783314814	0.07291666666666667	0	1
97	0.10331296159974601	1	0.007533236783314814	0.07291666666666667	0	1
98	0.10331296159974601	1	0.008609413466645502	0.08333333333333333	0	1
99	0.10331296159974601	1	0.007533236783314814	0.07291666666666667	0	1
0	0.10634146483770475	1	0.0033231707761782734	0.03125	1	1
1	0.10634146483770475	1	0.0033231707761782734	0.03125	0	1
2	0.10634146483770475	1	0.004430894368237698	0.041666666666666664	0	1
3	0.10634146483770475	1	0.005538617960297122	0.052083333333333336	0	1
4	0.10634146483770475	1	0.005538617960297122	0.052083333333333336	0	1
5	0.10634146483770475	1	0.005538617960297122	0.052083333333333336	0	1
6	0.10634146483770475	1	0.005538617960297122	0.052083333333333336	0	1
7	0.10634146483770475	1	0.007754065144415972	0.07291666666666667	0	1
8	0.10634146483770475	1	0.007754065144415972	0.07291666666666667	0	1
9	0.10634146483770475	1	0.006646341552356547	0.0625	0	1
10	0.10634146483770475	1	0.007754065144415972	0.07291666666666667	0	1
11	0.10634146483770475	1	0.008861788736475397	0.08333333333333333	0	1
12	0.10634146483770475	1	0.006646341552356547	0.0625	0	1
13	0.10634146483770475	1	0.005538617960297122	0.052083333333333336	0	1
14	0.10634146483770475	1	0.007754065144415972	0.07291666666666667	0	1
15	0.10634146483770475	1	0.008861788736475397	0.08333333333333333	0	1
16	0.10634146483770475	1	0.007754065144415972	0.07291666666666667	0	1
17	0.10634146483770475	1	0.008861788736475397	0.08333333333333333	0	1
18	0.10634146483770475	1	0.008861788736475397	0.08333333333333333	0	1
19	0.10634146483770475	1	0.007754065144415972	0.07291666666666667	0	1
20	0.10634146483770475	1	0.006646341552356547	0.0625	0	1
21	0.10634146483770475	1	0.006646341552356547	0.0625	0	1
22	0.10634146483770475	1	0.006646341552356547	0.0625	0	1
23	0.10634146483770475	1	0.007754065144415972	0.07291666666666667	0	1
24	0.10634146483770475	1	0.008861788736475397	0.08333333333333333	0	1
25	0.10634146483770475	1	0.008861788736475397	0.08333333333333333	0	1
26	0.10634146483770475	1	0.008861788736475397	0.08333333333333333	0	1
27	0.10634146483770475	1	0.006646341552356547	0.0625	0	1
28	0.10634146483770475	1	0.006646341552356547	0.0625	0	1
29	0.10634146483770475	1	0.007754065144415972	0.07291666666666667	0	1
30	0.10634146483770475	1	0.006646341552356547	0.0625	0	1
31	0.10634146483770475	1	0.006646341552356547	0.0625	0	1
32	0.10634146483770475	1	0.007754065144415972	0.07291666666666667	0	1
33	0.10634146483770475	1	0.008861788736475397	0.08333333333333333	0	1
34	0.10634146483770475	1	0.007754065144415972	0.07291666666666667	0	1
35	0.10634146483770475	1	0.006646341552356547	0.0625	0	1
36	0.10634146483770475	1	0.008861788736475397	0.08333333333333333	0	1
37	0.10634146483770475	1	0.008861788736475397	0.08333333333333333	0	1
38	0.10634146483770475	1	0.006646341552356547	0.0625	0	1
39	0.10634146483770475	1	0.006646341552356547	0.0625	0	1
40	0.10634146483770475	1	0.008861788736475397	0.08333333333333333	0	1
41	0.10634146483770475	1	0.008861788736475397	0.08333333333333333	0	1
42	0.10634146483770475	1	0.007754065144415972	0.07291666666666667	0	1
43	0.10634146483770475	1	0.007754065144415972	0.07291666666666667	0	1
44	0.10634146483770475	1	0.007754065144415972	0.07291666666666667	0	1
45	0.10634146483770475	1	0.007754065144415972	0.07291666666666667	0	1
46	0.10634146483770475	1	0.007754065144415972	0.07291666666666667	0	1
47	0.10634146483770475	1	0.008861788736475397	0.08333333333333333	0	1
48	0.10634146483770475	1	0.008861788736475397	0.08333333333333333	0	1
49	0.10634146483770475	1	0.007754065144415972	0.07291666666666667	0	1
50	0.10634146483770475	1	0.006646341552356547	0.0625	0	1
51	0.10634146483770475	1	0.007754065144415972	0.07291666666666667	0	1
52	0.10634146483770475	1	0.008861788736475397	0.08333333333333333	0	1
53	0.10634146483770475	1	0.008861788736475397	0.08333333333333333	0	1
54	0.10634146483770475	1	0.008861788736475397	0.08333333333333333	0	1
55	0.10634146483770475	1	0.008861788736475397	0.08333333333333333	0	1
56	0.10634146483770475	1	0.007754065144415972	0.07291666666666667	0	1
57	0.10634146483770475	1	0.006646341552356547	0.0625	0	1
58	0.10634146483770475	1	0.006646341552356547	0.0625	0	1
59	0.10634146483770475	1	0.008861788736475397	0.08333333333333333	0	1
60	0.10634146483770475	1	0.008861788736475397	0.08333333333333333	0	1
61	0.10634146483770475	1	0.008861788736475397	0.08333333333333333	0	1
62	0.10634146483770475	1	0.008861788736475397	0.08333333333333333	0	1
63	0.10634146483770475	1	0.008861788736475397	0.08333333333333333	0	1
64	0.10634146483770475	1	0.008861788736475397	0.08333333333333333	0	1
65	0.10634146483770475	1	0.007754065144415972	0.07291666666666667	0	1
66	0.10634146483770475	1	0.007754065144415972	0.07291666666666667	0	1
67	0.10634146483770475	1	0.007754065144415972	0.07291666666666667	0	1
68	0.10634146483770475	1	0.008861788736475397	0.08333333333333333	0	1
69	0.10634146483770475	1	0.008861788736475397	0.08333333333333333	0	1
70	0.10634146483770475	1	0.007754065144415972	0.07291666666666667	0	1
71	0.10634146483770475	1	0.007754065144415972	0.07291666666666667	0	1
72	0.10634146483770475	1	0.008861788736475397	0.08333333333333333	0	1
73	0.10634146483770475	1	0.007754065144415972	0.07291666666666667	0	1
74	0.10634146483770475	1	0.008861788736475397	0.08333333333333333	0	1
75	0.10634146483770475	1	0.008861788736475397	0.08333333333333333	0	1
76	0.10634146483770475	1	0.008861788736475397	0.08333333333333333	0	1
77	0.10634146483770475	1	0.008861788736475397	0.08333333333333333	0	1
78	0.10634146483770475	1	0.007754065144415972	0.07291666666666667	0	1
79	0.10634146483770475	1	0.008861788736475397	0.08333333333333333	0	1
80	0.10634146483770475	1	0.008861788736475397	0.08333333333333333	0	1
81	0.10634146483770475	1	0.008861788736475397	0.08333333333333333	0	1
82	0.10634146483770475	1	0.008861788736475397	0.08333333333333333	0	1
83	0.10634146483770475	1	0.007754065144415972	0.07291666666666667	0	1
84	0.10634146483770475	1	0.007754065144415972	0.07291666666666667	0	1
85	0.10634146483770475	1	0.008861788736475397	0.08333333333333333	0	1
86	0.10634146483770475	1	0.008861788736475397	0.08333333333333333	0	1
87	0.10634146483770475	1	0.008861788736475397	0.08333333333333333	0	1
88	0.10634146483770475	1	0.008861788736475397	0.08333333333333333	0	1
89	0.10634146483770475	1	0.007754065144415972	0.07291666666666667	0	1
90	0.10634146483770475	1	0.007754065144415972	0.07291666666666667	0	1
91	0.10634146483770475	1	0.008861788736475397	0.08333333333333333	0	1
92	0.10634146483770475	1	0.008861788736475397	0.08333333333333333	0	1
93	0.10634146483770475	1	0.008861788736475397	0.08333333333333333	0	1
94	0.10634146483770475	1	0.008861788736475397	0.08333333333333333	0	1
95	0.10634146483770475	1	0.007754065144415972	0.07291666666666667	0	1
96	0.10634146483770475	1	0.007754065144415972	0.07291666666666667	0	1
97	0.10634146483770475	1	0.007754065144415972	0.07291666666666667	0	1
98	0.10634146483770475	1	0.008861788736475397	0.08333333333333333	0	1
99	0.10634146483770475	1	0.007754065144415972	0.07291666666666667	0	1
0	0.10338550752013119	1	0.0032307971100040997	0.03125	1	1
1	0.10338550752013119	1	0.0032307971100040997	0.03125	0	1
2	0.10338550752013119	1	0.0043077294800054665	0.041666666666666664	0	1
3	0.10338550752013119	1	0.005384661850006832	0.052083333333333336	0	1
4	0.10338550752013119	1	0.005384661850006832	0.052083333333333336	0	1
5	0.10338550752013119	1	0.005384661850006832	0.052083333333333336	0	1
6	0.10338550752013119	1	0.005384661850006832	0.052083333333333336	0	1
7	0.10338550752013119	1	0.007538526590009566	0.07291666666666667	0	1
8	0.10338550752013119	1	0.007538526590009566	0.07291666666666667	0	1
9	0.10338550752013119	1	0.006461594220008199	0.0625	0	1
10	0.10338550752013119	1	0.007538526590009566	0.07291666666666667	0	1
11	0.10338550752013119	1	0.008615458960010933	0.08333333333333333	0	1
12	0.10338550752013119	1	0.006461594220008199	0.0625	0	1
13	0.10338550752013119	1	0.005384661850006832	0.052083333333333336	0	1
14	0.10338550752013119	1	0.007538526590009566	0.07291666666666667	0	1
15	0.10338550752013119	1	0.008615458960010933	0.08333333333333333	0	1
16	0.10338550752013119	1	0.007538526590009566	0.07291666666666667	0	1
17	0.10338550752013119	1	0.008615458960010933	0.08333333333333333	0	1
18	0.10338550752013119	1	0.008615458960010933	0.08333333333333333	0	1
19	0.10338550752013119	1	0.007538526590009566	0.07291666666666667	0	1
20	0.10338550752013119	1	0.006461594220008199	0.0625	0	1
21	0.10338550752013119	1	0.006461594220008199	0.0625	0	1
22	0.10338550752013119	1	0.006461594220008199	0.0625	0	1
23	0.10338550752013119	1	0.007538526590009566	0.07291666666666667	0	1
24	0.10338550752013119	1	0.008615458960010933	0.08333333333333333	0	1
25	0.10338550752013119	1	0.008615458960010933	0.08333333333333333	0	1
26	0.10338550752013119	1	0.008615458960010933	0.08333333333333333	0	1
27	0.10338550752013119	1	0.006461594220008199	0.0625	0	1
28	0.10338550752013119	1	0.006461594220008199	0.0625	0	1
29	0.10338550752013119	1	0.007538526590009566	0.07291666666666667	0	1
30	0.10338550752013119	1	0.006461594220008199	0.0625	0	1
31	0.10338550752013119	1	0.006461594220008199	0.0625	0	1
32	0.10338550752013119	1	0.007538526590009566	0.07291666666666667	0	1
33	0.10338550752013119	1	0.008615458960010933	0.08333333333333333	0	1
34	0.10338550752013119	1	0.007538526590009566	0.07291666666666667	0	1
35	0.10338550752013119	1	0.006461594220008199	0.0625	0	1
36	0.10338550752013119	1	0.008615458960010933	0.08333333333333333	0	1
37	0.10338550752013119	1	0.008615458960010933	0.08333333333333333	0	1
38	0.10338550752013119	1	0.006461594220008199	0.0625	0	1
39	0.10338550752013119	1	0.006461594220008199	0.0625	0	1
40	0.10338550752013119	1	0.008615458960010933	0.08333333333333333	0	1
41	0.10338550752013119	1	0.008615458960010933	0.08333333333333333	0	1
42	0.10338550752013119	1	0.007538526590009566	0.07291666666666667	0	1
43	0.10338550752013119	1	0.007538526590009566	0.07291666666666667	0	1
44	0.10338550752013119	1	0.007538526590009566	0.07291666666666667	0	1
45	0.10338550752013119	1	0.007538526590009566	0.07291666666666667	0	1
46	0.10338550752013119	1	0.007538526590009566	0.07291666666666667	0	1
47	0.10338550752013119	1	0.008615458960010933	0.08333333333333333	0	1
48	0.10338550752013119	1	0.008615458960010933	0.08333333333333333	0	1
49	0.10338550752013119	1	0.007538526590009566	0.07291666666666667	0	1
50	0.10338550752013119	1	0.006461594220008199	0.0625	0	1
51	0.10338550752013119	1	0.007538526590009566	0.07291666666666667	0	1
52	0.10338550752013119	1	0.008615458960010933	0.08333333333333333	0	1
53	0.10338550752013119	1	0.008615458960010933	0.08333333333333333	0	1
54	0.10338550752013119	1	0.008615458960010933	0.08333333333333333	0	1
55	0.10338550752013119	1	0.008615458960010933	0.08333333333333333	0	1
56	0.10338550752013119	1	0.007538526590009566	0.07291666666666667	0	1
57	0.10338550752013119	1	0.006461594220008199	0.0625	0	1
58	0.10338550752013119	1	0.006461594220008199	0.0625	0	1
59	0.10338550752013119	1	0.008615458960010933	0.08333333333333333	0	1
60	0.10338550752013119	1	0.008615458960010933	0.08333333333333333	0	1
61	0.10338550752013119	1	0.008615458960010933	0.08333333333333333	0	1
62	0.10338550752013119	1	0.008615458960010933	0.08333333333333333	0	1
63	0.10338550752013119	1	0.008615458960010933	0.08333333333333333	0	1
64	0.10338550752013119	1	0.008615458960010933	0.08333333333333333	0	1
65	0.10338550752013119	1	0.007538526590009566	0.07291666666666667	0	1
66	0.10338550752013119	1	0.007538526590009566	0.07291666666666667	0	1
67	0.10338550752013119	1	0.007538526590009566	0.07291666666666667	0	1
68	0.10338550752013119	1	0.008615458960010933	0.08333333333333333	0	1
69	0.10338550752013119	1	0.008615458960010933	0.08333333333333333	0	1
70	0.10338550752013119	1	0.007538526590009566	0.07291666666666667	0	1
71	0.10338550752013119	1	0.007538526590009566	0.07291666666666667	0	1
72	0.10338550752013119	1	0.008615458960010933	0.08333333333333333	0	1
73	0.10338550752013119	1	0.007538526590009566	0.07291666666666667	0	1
74	0.10338550752013119	1	0.008615458960010933	0.08333333333333333	0	1
75	0.10338550752013119	1	0.008615458960010933	0.08333333333333333	0	1
76	0.10338550752013119	1	0.008615458960010933	0.08333333333333333	0	1
77	0.10338550752013119	1	0.008615458960010933	0.08333333333333333	0	1
78	0.10338550752013119	1	0.007538526590009566	0.07291666666666667	0	1
79	0.10338550752013119	1	0.008615458960010933	0.08333333333333333	0	1
80	0.10338550752013119	1	0.008615458960010933	0.08333333333333333	0	1
81	0.10338550752013119	1	0.008615458960010933	0.08333333333333333	0	1
82	0.10338550752013119	1	0.008615458960010933	0.08333333333333333	0	1
83	0.10338550752013119	1	0.007538526590009566	0.07291666666666667	0	1
84	0.10338550752013119	1	0.007538526590009566	0.07291666666666667	0	1
85	0.10338550752013119	1	0.008615458960010933	0.08333333333333333	0	1
86	0.10338550752013119	1	0.008615458960010933	0.08333333333333333	0	1
87	0.10338550752013119	1	0.008615458960010933	0.08333333333333333	0	1
88	0.10338550752013119	1	0.008615458960010933	0.08333333333333333	0	1
89	0.10338550752013119	1	0.007538526590009566	0.07291666666666667	0	1
90	0.10338550752013119	1	0.007538526590009566	0.07291666666666667	0	1
91	0.10338550752013119	1	0.008615458960010933	0.08333333333333333	0	1
92	0.10338550752013119	1	0.008615458960010933	0.08333333333333333	0	1
93	0.10338550752013119	1	0.008615458960010933	0.08333333333333333	0	1
94	0.10338550752013119	1	0.008615458960010933	0.08333333333333333	0	1
95	0.10338550752013119	1	0.007538526590009566	0.07291666666666667	0	1
96	0.10338550752013119	1	0.007538526590009566	0.07291666666666667	0	1
97	0.10338550752013119	1	0.007538526590009566	0.07291666666666667	0	1
98	0.10338550752013119	1	0.008615458960010933	0.08333333333333333	0	1
99	0.10338550752013119	1	0.007538526590009566	0.07291666666666667	0	1
0	0.10307275537100269	1	0.003221023605343834	0.03125	1	1
1	0.10307275537100269	1	0.003221023605343834	0.03125	0	1
2	0.10307275537100269	1	0.004294698140458446	0.041666666666666664	0	1
3	0.10307275537100269	1	0.005368372675573056	0.052083333333333336	0	1
4	0.10307275537100269	1	0.005368372675573056	0.052083333333333336	0	1
5	0.10307275537100269	1	0.005368372675573056	0.052083333333333336	0	1
6	0.10307275537100269	1	0.005368372675573056	0.052083333333333336	0	1
7	0.10307275537100269	1	0.00751572174580228	0.07291666666666667	0	1
8	0.10307275537100269	1	0.00751572174580228	0.07291666666666667	0	1
9	0.10307275537100269	1	0.006442047210687668	0.0625	0	1
10	0.10307275537100269	1	0.00751572174580228	0.07291666666666667	0	1
11	0.10307275537100269	1	0.008589396280916891	0.08333333333333333	0	1
12	0.10307275537100269	1	0.006442047210687668	0.0625	0	1
13	0.10307275537100269	1	0.005368372675573056	0.052083333333333336	0	1
14	0.10307275537100269	1	0.00751572174580228	0.07291666666666667	0	1
15	0.10307275537100269	1	0.008589396280916891	0.08333333333333333	0	1
16	0.10307275537100269	1	0.00751572174580228	0.07291666666666667	0	1
17	0.10307275537100269	1	0.008589396280916891	0.08333333333333333	0	1
18	0.10307275537100269	1	0.008589396280916891	0.08333333333333333	0	1
19	0.10307275537100269	1	0.00751572174580228	0.07291666666666667	0	1
20	0.10307275537100269	1	0.006442047210687668	0.0625	0	1
21	0.10307275537100269	1	0.006442047210687668	0.0625	0	1
22	0.10307275537100269	1	0.006442047210687668	0.0625	0	1
23	0.10307275537100269	1	0.00751572174580228	0.07291666666666667	0	1
24	0.10307275537100269	1	0.008589396280916891	0.08333333333333333	0	1
25	0.10307275537100269	1	0.008589396280916891	0.08333333333333333	0	1
26	0.10307275537100269	1	0.008589396280916891	0.08333333333333333	0	1
27	0.10307275537100269	1	0.006442047210687668	0.0625	0	1
28	0.10307275537100269	1	0.006442047210687668	0.0625	0	1
29	0.10307275537100269	1	0.00751572174580228	0.07291666666666667	0	1
30	0.10307275537100269	1	0.006442047210687668	0.0625	0	1
31	0.10307275537100269	1	0.006442047210687668	0.0625	0	1
32	0.10307275537100269	1	0.00751572174580228	0.07291666666666667	0	1
33	0.10307275537100269	1	0.008589396280916891	0.08333333333333333	0	1
34	0.10307275537100269	1	0.00751572174580228	0.07291666666666667	0	1
35	0.10307275537100269	1	0.006442047210687668	0.0625	0	1
36	0.10307275537100269	1	0.008589396280916891	0.08333333333333333	0	1
37	0.10307275537100269	1	0.008589396280916891	0.08333333333333333	0	1
38	0.10307275537100269	1	0.006442047210687668	0.0625	0	1
39	0.10307275537100269	1	0.006442047210687668	0.0625	0	1
40	0.10307275537100269	1	0.008589396280916891	0.08333333333333333	0	1
41	0.10307275537100269	1	0.008589396280916891	0.08333333333333333	0	1
42	0.10307275537100269	1	0.00751572174580228	0.07291666666666667	0	1
43	0.10307275537100269	1	0.00751572174580228	0.07291666666666667	0	1
44	0.10307275537100269	1	0.00751572174580228	0.07291666666666667	0	1
45	0.10307275537100269	1	0.00751572174580228	0.07291666666666667	0	1
46	0.10307275537100269	1	0.00751572174580228	0.07291666666666667	0	1
47	0.10307275537100269	1	0.008589396280916891	0.08333333333333333	0	1
48	0.10307275537100269	1	0.008589396280916891	0.08333333333333333	0	1
49	0.10307275537100269	1	0.00751572174580228	0.07291666666666667	0	1
50	0.10307275537100269	1	0.006442047210687668	0.0625	0	1
51	0.10307275537100269	1	0.00751572174580228	0.07291666666666667	0	1
52	0.10307275537100269	1	0.008589396280916891	0.08333333333333333	0	1
53	0.10307275537100269	1	0.008589396280916891	0.08333333333333333	0	1
54	0.10307275537100269	1	0.008589396280916891	0.08333333333333333	0	1
55	0.10307275537100269	1	0.008589396280916891	0.08333333333333333	0	1
56	0.10307275537100269	1	0.00751572174580228	0.07291666666666667	0	1
57	0.10307275537100269	1	0.006442047210687668	0.0625	0	1
58	0.10307275537100269	1	0.006442047210687668	0.0625	0	1
59	0.10307275537100269	1	0.008589396280916891	0.08333333333333333	0	1
60	0.10307275537100269	1	0.008589396280916891	0.08333333333333333	0	1
61	0.10307275537100269	1	0.008589396280916891	0.08333333333333333	0	1
62	0.10307275537100269	1	0.008589396280916891	0.08333333333333333	0	1
63	0.10307275537100269	1	0.008589396280916891	0.08333333333333333	0	1
64	0.10307275537100269	1	0.008589396280916891	0.08333333333333333	0	1
65	0.10307275537100269	1	0.00751572174580228	0.07291666666666667	0	1
66	0.10307275537100269	1	0.00751572174580228	0.07291666666666667	0	1
67	0.10307275537100269	1	0.00751572174580228	0.07291666666666667	0	1
68	0.10307275537100269	1	0.008589396280916891	0.08333333333333333	0	1
69	0.10307275537100269	1	0.008589396280916891	0.08333333333333333	0	1
70	0.10307275537100269	1	0.00751572174580228	0.07291666666666667	0	1
71	0.10307275537100269	1	0.00751572174580228	0.07291666666666667	0	1
72	0.10307275537100269	1	0.008589396280916891	0.08333333333333333	0	1
73	0.10307275537100269	1	0.00751572174580228	0.07291666666666667	0	1
74	0.10307275537100269	1	0.008589396280916891	0.08333333333333333	0	1
75	0.10307275537100269	1	0.008589396280916891	0.08333333333333333	0	1
76	0.10307275537100269	1	0.008589396280916891	0.08333333333333333	0	1
77	0.10307275537100269	1	0.008589396280916891	0.08333333333333333	0	1
78	0.10307275537100269	1	0.00751572174580228	0.07291666666666667	0	1
79	0.10307275537100269	1	0.008589396280916891	0.08333333333333333	0	1
80	0.10307275537100269	1	0.008589396280916891	0.08333333333333333	0	1
81	0.10307275537100269	1	0.008589396280916891	0.08333333333333333	0	1
82	0.10307275537100269	1	0.008589396280916891	0.08333333333333333	0	1
83	0.10307275537100269	1	0.00751572174580228	0.07291666666666667	0	1
84	0.10307275537100269	1	0.00751572174580228	0.07291666666666667	0	1
85	0.10307275537100269	1	0.008589396280916891	0.08333333333333333	0	1
86	0.10307275537100269	1	0.008589396280916891	0.08333333333333333	0	1
87	0.10307275537100269	1	0.008589396280916891	0.08333333333333333	0	1
88	0.10307275537100269	1	0.008589396280916891	0.08333333333333333	0	1
89	0.10307275537100269	1	0.00751572174580228	0.07291666666666667	0	1
90	0.10307275537100269	1	0.00751572174580228	0.07291666666666667	0	1
91	0.10307275537100269	1	0.008589396280916891	0.08333333333333333	0	1
92	0.10307275537100269	1	0.008589396280916891	0.08333333333333333	0	1
93	0.10307275537100269	1	0.008589396280916891	0.08333333333333333	0	1
94	0.10307275537100269	1	0.008589396280916891	0.08333333333333333	0	1
95	0.10307275537100269	1	0.00751572174580228	0.07291666666666667	0	1
96	0.10307275537100269	1	0.00751572174580228	0.07291666666666667	0	1
97	0.10307275537100269	1	0.00751572174580228	0.07291666666666667	0	1
98	0.10307275537100269	1	0.008589396280916891	0.08333333333333333	0	1
99	0.10307275537100269	1	0.00751572174580228	0.07291666666666667	0	1
0	0.10361967498640237	1	0.0032381148433250745	0.03125	1	1
1	0.10361967498640237	1	0.0032381148433250745	0.03125	0	1
2	0.10361967498640237	1	0.004317486457766765	0.041666666666666664	0	1
3	0.10361967498640237	1	0.005396858072208456	0.052083333333333336	0	1
4	0.10361967498640237	1	0.005396858072208456	0.052083333333333336	0	1
5	0.10361967498640237	1	0.005396858072208456	0.052083333333333336	0	1
6	0.10361967498640237	1	0.005396858072208456	0.052083333333333336	0	1
7	0.10361967498640237	1	0.007555601301091838	0.07291666666666667	0	1
8	0.10361967498640237	1	0.007555601301091838	0.07291666666666667	0	1
9	0.10361967498640237	1	0.006476229686650147	0.0625	0	1
10	0.10361967498640237	1	0.007555601301091838	0.07291666666666667	0	1
11	0.10361967498640237	1	0.00863497291553353	0.08333333333333333	0	1
12	0.10361967498640237	1	0.006476229686650147	0.0625	0	1
13	0.10361967498640237	1	0.005396858072208456	0.052083333333333336	0	1
14	0.10361967498640237	1	0.007555601301091838	0.07291666666666667	0	1
15	0.10361967498640237	1	0.00863497291553353	0.08333333333333333	0	1
16	0.10361967498640237	1	0.007555601301091838	0.07291666666666667	0	1
17	0.10361967498640237	1	0.00863497291553353	0.08333333333333333	0	1
18	0.10361967498640237	1	0.00863497291553353	0.08333333333333333	0	1
19	0.10361967498640237	1	0.007555601301091838	0.07291666666666667	0	1
20	0.10361967498640237	1	0.006476229686650147	0.0625	0	1
21	0.10361967498640237	1	0.006476229686650147	0.0625	0	1
22	0.10361967498640237	1	0.006476229686650147	0.0625	0	1
23	0.10361967498640237	1	0.007555601301091838	0.07291666666666667	0	1
24	0.10361967498640237	1	0.00863497291553353	0.08333333333333333	0	1
25	0.10361967498640237	1	0.00863497291553353	0.08333333333333333	0	1
26	0.10361967498640237	1	0.00863497291553353	0.08333333333333333	0	1
27	0.10361967498640237	1	0.006476229686650147	0.0625	0	1
28	0.10361967498640237	1	0.006476229686650147	0.0625	0	1
29	0.10361967498640237	1	0.007555601301091838	0.07291666666666667	0	1
30	0.10361967498640237	1	0.006476229686650147	0.0625	0	1
31	0.10361967498640237	1	0.006476229686650147	0.0625	0	1
32	0.10361967498640237	1	0.007555601301091838	0.07291666666666667	0	1
33	0.10361967498640237	1	0.00863497291553353	0.08333333333333333	0	1
34	0.10361967498640237	1	0.007555601301091838	0.07291666666666667	0	1
35	0.10361967498640237	1	0.006476229686650147	0.0625	0	1
36	0.10361967498640237	1	0.00863497291553353	0.08333333333333333	0	1
37	0.10361967498640237	1	0.00863497291553353	0.08333333333333333	0	1
38	0.10361967498640237	1	0.006476229686650147	0.0625	0	1
39	0.10361967498640237	1	0.006476229686650147	0.0625	0	1
40	0.10361967498640237	1	0.00863497291553353	0.08333333333333333	0	1
41	0.10361967498640237	1	0.00863497291553353	0.08333333333333333	0	1
42	0.10361967498640237	1	0.007555601301091838	0.07291666666666667	0	1
43	0.10361967498640237	1	0.007555601301091838	0.07291666666666667	0	1
44	0.10361967498640237	1	0.007555601301091838	0.07291666666666667	0	1
45	0.10361967498640237	1	0.007555601301091838	0.07291666666666667	0	1
46	0.10361967498640237	1	0.007555601301091838	0.07291666666666667	0	1
47	0.10361967498640237	1	0.00863497291553353	0.08333333333333333	0	1
48	0.10361967498640237	1	0.00863497291553353	0.08333333333333333	0	1
49	0.10361967498640237	1	0.007555601301091838	0.07291666666666667	0	1
50	0.10361967498640237	1	0.006476229686650147	0.0625	0	1
51	0.10361967498640237	1	0.007555601301091838	0.07291666666666667	0	1
52	0.10361967498640237	1	0.00863497291553353	0.08333333333333333	0	1
53	0.10361967498640237	1	0.00863497291553353	0.08333333333333333	0	1
54	0.10361967498640237	1	0.00863497291553353	0.08333333333333333	0	1
55	0.10361967498640237	1	0.00863497291553353	0.08333333333333333	0	1
56	0.10361967498640237	1	0.007555601301091838	0.07291666666666667	0	1
57	0.10361967498640237	1	0.006476229686650147	0.0625	0	1
58	0.10361967498640237	1	0.006476229686650147	0.0625	0	1
59	0.10361967498640237	1	0.00863497291553353	0.08333333333333333	0	1
60	0.10361967498640237	1	0.00863497291553353	0.08333333333333333	0	1
61	0.10361967498640237	1	0.00863497291553353	0.08333333333333333	0	1
62	0.10361967498640237	1	0.00863497291553353	0.08333333333333333	0	1
63	0.10361967498640237	1	0.00863497291553353	0.08333333333333333	0	1
64	0.10361967498640237	1	0.00863497291553353	0.08333333333333333	0	1
65	0.10361967498640237	1	0.007555601301091838	0.07291666666666667	0	1
66	0.10361967498640237	1	0.007555601301091838	0.07291666666666667	0	1
67	0.10361967498640237	1	0.007555601301091838	0.07291666666666667	0	1
68	0.10361967498640237	1	0.00863497291553353	0.08333333333333333	0	1
69	0.10361967498640237	1	0.00863497291553353	0.08333333333333333	0	1
70	0.10361967498640237	1	0.007555601301091838	0.07291666666666667	0	1
71	0.10361967498640237	1	0.007555601301091838	0.07291666666666667	0	1
72	0.10361967498640237	1	0.00863497291553353	0.08333333333333333	0	1
73	0.10361967498640237	1	0.007555601301091838	0.07291666666666667	0	1
74	0.10361967498640237	1	0.00863497291553353	0.08333333333333333	0	1
75	0.10361967498640237	1	0.00863497291553353	0.08333333333333333	0	1
76	0.10361967498640237	1	0.00863497291553353	0.08333333333333333	0	1
77	0.10361967498640237	1	0.00863497291553353	0.08333333333333333	0	1
78	0.10361967498640237	1	0.007555601301091838	0.07291666666666667	0	1
79	0.10361967498640237	1	0.00863497291553353	0.08333333333333333	0	1
80	0.10361967498640237	1	0.00863497291553353	0.08333333333333333	0	1
81	0.10361967498640237	1	0.00863497291553353	0.08333333333333333	0	1
82	0.10361967498640237	1	0.00863497291553353	0.08333333333333333	0	1
83	0.10361967498640237	1	0.007555601301091838	0.07291666666666667	0	1
84	0.10361967498640237	1	0.007555601301091838	0.07291666666666667	0	1
85	0.10361967498640237	1	0.00863497291553353	0.08333333333333333	0	1
86	0.10361967498640237	1	0.00863497291553353	0.08333333333333333	0	1
87	0.10361967498640237	1	0.00863497291553353	0.08333333333333333	0	1
88	0.10361967498640237	1	0.00863497291553353	0.08333333333333333	0	1
89	0.10361967498640237	1	0.007555601301091838	0.07291666666666667	0	1
90	0.10361967498640237	1	0.007555601301091838	0.07291666666666667	0	1
91	0.10361967498640237	1	0.00863497291553353	0.08333333333333333	0	1
92	0.10361967498640237	1	0.00863497291553353	0.08333333333333333	0	1
93	0.10361967498640237	1	0.00863497291553353	0.08333333333333333	0	1
94	0.10361967498640237	1	0.00863497291553353	0.08333333333333333	0	1
95	0.10361967498640237	1	0.007555601301091838	0.07291666666666667	0	1
96	0.10361967498640237	1	0.007555601301091838	0.07291666666666667	0	1
97	0.10361967498640237	1	0.007555601301091838	0.07291666666666667	0	1
98	0.10361967498640237	1	0.00863497291553353	0.08333333333333333	0	1
99	0.10361967498640237	1	0.007555601301091838	0.07291666666666667	0	1
0	0.10320299224606105	1	0.003225093507689408	0.03125	1	1
1	0.10320299224606105	1	0.003225093507689408	0.03125	0	1
2	0.10320299224606105	1	0.004300124676919211	0.041666666666666664	0	1
3	0.10320299224606105	1	0.005375155846149014	0.052083333333333336	0	1
4	0.10320299224606105	1	0.005375155846149014	0.052083333333333336	0	1
5	0.10320299224606105	1	0.005375155846149014	0.052083333333333336	0	1
6	0.10320299224606105	1	0.005375155846149014	0.052083333333333336	0	1
7	0.10320299224606105	1	0.00752521818460862	0.07291666666666667	0	1
8	0.10320299224606105	1	0.00752521818460862	0.07291666666666667	0	1
9	0.10320299224606105	1	0.006450187015378817	0.0625	0	1
10	0.10320299224606105	1	0.00752521818460862	0.07291666666666667	0	1
11	0.10320299224606105	1	0.008600249353838423	0.08333333333333333	0	1
12	0.10320299224606105	1	0.006450187015378817	0.0625	0	1
13	0.10320299224606105	1	0.005375155846149014	0.052083333333333336	0	1
14	0.10320299224606105	1	0.00752521818460862	0.07291666666666667	0	1
15	0.10320299224606105	1	0.008600249353838423	0.08333333333333333	0	1
16	0.10320299224606105	1	0.00752521818460862	0.07291666666666667	0	1
17	0.10320299224606105	1	0.008600249353838423	0.08333333333333333	0	1
18	0.10320299224606105	1	0.008600249353838423	0.08333333333333333	0	1
19	0.10320299224606105	1	0.00752521818460862	0.07291666666666667	0	1
20	0.10320299224606105	1	0.006450187015378817	0.0625	0	1
21	0.10320299224606105	1	0.006450187015378817	0.0625	0	1
22	0.10320299224606105	1	0.006450187015378817	0.0625	0	1
23	0.10320299224606105	1	0.00752521818460862	0.07291666666666667	0	1
24	0.10320299224606105	1	0.008600249353838423	0.08333333333333333	0	1
25	0.10320299224606105	1	0.008600249353838423	0.08333333333333333	0	1
26	0.10320299224606105	1	0.008600249353838423	0.08333333333333333	0	1
27	0.10320299224606105	1	0.006450187015378817	0.0625	0	1
28	0.10320299224606105	1	0.006450187015378817	0.0625	0	1
29	0.10320299224606105	1	0.00752521818460862	0.07291666666666667	0	1
30	0.10320299224606105	1	0.006450187015378817	0.0625	0	1
31	0.10320299224606105	1	0.006450187015378817	0.0625	0	1
32	0.10320299224606105	1	0.00752521818460862	0.07291666666666667	0	1
33	0.10320299224606105	1	0.008600249353838423	0.08333333333333333	0	1
34	0.10320299224606105	1	0.00752521818460862	0.07291666666666667	0	1
35	0.10320299224606105	1	0.006450187015378817	0.0625	0	1
36	0.10320299224606105	1	0.008600249353838423	0.08333333333333333	0	1
37	0.10320299224606105	1	0.008600249353838423	0.08333333333333333	0	1
38	0.10320299224606105	1	0.006450187015378817	0.0625	0	1
39	0.10320299224606105	1	0.006450187015378817	0.0625	0	1
40	0.10320299224606105	1	0.008600249353838423	0.08333333333333333	0	1
41	0.10320299224606105	1	0.008600249353838423	0.08333333333333333	0	1
42	0.10320299224606105	1	0.00752521818460862	0.07291666666666667	0	1
43	0.10320299224606105	1	0.00752521818460862	0.07291666666666667	0	1
44	0.10320299224606105	1	0.00752521818460862	0.07291666666666667	0	1
45	0.10320299224606105	1	0.00752521818460862	0.07291666666666667	0	1
46	0.10320299224606105	1	0.00752521818460862	0.07291666666666667	0	1
47	0.10320299224606105	1	0.008600249353838423	0.08333333333333333	0	1
48	0.10320299224606105	1	0.008600249353838423	0.08333333333333333	0	1
49	0.10320299224606105	1	0.00752521818460862	0.07291666666666667	0	1
50	0.10320299224606105	1	0.006450187015378817	0.0625	0	1
51	0.10320299224606105	1	0.00752521818460862	0.07291666666666667	0	1
52	0.10320299224606105	1	0.008600249353838423	0.08333333333333333	0	1
53	0.10320299224606105	1	0.008600249353838423	0.08333333333333333	0	1
54	0.10320299224606105	1	0.008600249353838423	0.08333333333333333	0	1
55	0.10320299224606105	1	0.008600249353838423	0.08333333333333333	0	1
56	0.10320299224606105	1	0.00752521818460862	0.07291666666666667	0	1
57	0.10320299224606105	1	0.006450187015378817	0.0625	0	1
58	0.10320299224606105	1	0.006450187015378817	0.0625	0	1
59	0.10320299224606105	1	0.008600249353838423	0.08333333333333333	0	1
60	0.10320299224606105	1	0.008600249353838423	0.08333333333333333	0	1
61	0.10320299224606105	1	0.008600249353838423	0.08333333333333333	0	1
62	0.10320299224606105	1	0.008600249353838423	0.08333333333333333	0	1
63	0.10320299224606105	1	0.008600249353838423	0.08333333333333333	0	1
64	0.10320299224606105	1	0.008600249353838423	0.08333333333333333	0	1
65	0.10320299224606105	1	0.00752521818460862	0.07291666666666667	0	1
66	0.10320299224606105	1	0.00752521818460862	0.07291666666666667	0	1
67	0.10320299224606105	1	0.00752521818460862	0.07291666666666667	0	1
68	0.10320299224606105	1	0.008600249353838423	0.08333333333333333	0	1
69	0.10320299224606105	1	0.008600249353838423	0.08333333333333333	0	1
70	0.10320299224606105	1	0.00752521818460862	0.07291666666666667	0	1
71	0.10320299224606105	1	0.00752521818460862	0.07291666666666667	0	1
72	0.10320299224606105	1	0.008600249353838423	0.08333333333333333	0	1
73	0.10320299224606105	1	0.00752521818460862	0.07291666666666667	0	1
74	0.10320299224606105	1	0.008600249353838423	0.08333333333333333	0	1
75	0.10320299224606105	1	0.008600249353838423	0.08333333333333333	0	1
76	0.10320299224606105	1	0.008600249353838423	0.08333333333333333	0	1
77	0.10320299224606105	1	0.008600249353838423	0.08333333333333333	0	1
78	0.10320299224606105	1	0.00752521818460862	0.07291666666666667	0	1
79	0.10320299224606105	1	0.008600249353838423	0.08333333333333333	0	1
80	0.10320299224606105	1	0.008600249353838423	0.08333333333333333	0	1
81	0.10320299224606105	1	0.008600249353838423	0.08333333333333333	0	1
82	0.10320299224606105	1	0.008600249353838423	0.08333333333333333	0	1
83	0.10320299224606105	1	0.00752521818460862	0.07291666666666667	0	1
84	0.10320299224606105	1	0.00752521818460862	0.07291666666666667	0	1
85	0.10320299224606105	1	0.008600249353838423	0.08333333333333333	0	1
86	0.10320299224606105	1	0.008600249353838423	0.08333333333333333	0	1
87	0.10320299224606105	1	0.008600249353838423	0.08333333333333333	0	1
88	0.10320299224606105	1	0.008600249353838423	0.08333333333333333	0	1
89	0.10320299224606105	1	0.00752521818460862	0.07291666666666667	0	1
90	0.10320299224606105	1	0.00752521818460862	0.07291666666666667	0	1
91	0.10320299224606105	1	0.008600249353838423	0.08333333333333333	0	1
92	0.10320299224606105	1	0.008600249353838423	0.08333333333333333	0	1
93	0.10320299224606105	1	0.008600249353838423	0.08333333333333333	0	1
94	0.10320299224606105	1	0.008600249353838423	0.08333333333333333	0	1
95	0.10320299224606105	1	0.00752521818460862	0.07291666666666667	0	1
96	0.10320299224606105	1	0.00752521818460862	0.07291666666666667	0	1
97	0.10320299224606105	1	0.00752521818460862	0.07291666666666667	0	1
98	0.10320299224606105	1	0.008600249353838423	0.08333333333333333	0	1
99	0.10320299224606105	1	0.00752521818460862	0.07291666666666667	0	1
0	0.10424735045631572	1	0.0032577297017598664	0.03125	1	1
1	0.10424735045631572	1	0.0032577297017598664	0.03125	0	1
2	0.10424735045631572	1	0.0043436396023464885	0.041666666666666664	0	1
3	0.10424735045631572	1	0.005429549502933111	0.052083333333333336	0	1
4	0.10424735045631572	1	0.005429549502933111	0.052083333333333336	0	1
5	0.10424735045631572	1	0.005429549502933111	0.052083333333333336	0	1
6	0.10424735045631572	1	0.005429549502933111	0.052083333333333336	0	1
7	0.10424735045631572	1	0.007601369304106355	0.07291666666666667	0	1
8	0.10424735045631572	1	0.007601369304106355	0.07291666666666667	0	1
9	0.10424735045631572	1	0.006515459403519733	0.0625	0	1
10	0.10424735045631572	1	0.007601369304106355	0.07291666666666667	0	1
11	0.10424735045631572	1	0.008687279204692977	0.08333333333333333	0	1
12	0.10424735045631572	1	0.006515459403519733	0.0625	0	1
13	0.10424735045631572	1	0.005429549502933111	0.052083333333333336	0	1
14	0.10424735045631572	1	0.007601369304106355	0.07291666666666667	0	1
15	0.10424735045631572	1	0.008687279204692977	0.08333333333333333	0	1
16	0.10424735045631572	1	0.007601369304106355	0.07291666666666667	0	1
17	0.10424735045631572	1	0.008687279204692977	0.08333333333333333	0	1
18	0.10424735045631572	1	0.008687279204692977	0.08333333333333333	0	1
19	0.10424735045631572	1	0.007601369304106355	0.07291666666666667	0	1
20	0.10424735045631572	1	0.006515459403519733	0.0625	0	1
21	0.10424735045631572	1	0.006515459403519733	0.0625	0	1
22	0.10424735045631572	1	0.006515459403519733	0.0625	0	1
23	0.10424735045631572	1	0.007601369304106355	0.07291666666666667	0	1
24	0.10424735045631572	1	0.008687279204692977	0.08333333333333333	0	1
25	0.10424735045631572	1	0.008687279204692977	0.08333333333333333	0	1
26	0.10424735045631572	1	0.008687279204692977	0.08333333333333333	0	1
27	0.10424735045631572	1	0.006515459403519733	0.0625	0	1
28	0.10424735045631572	1	0.006515459403519733	0.0625	0	1
29	0.10424735045631572	1	0.007601369304106355	0.07291666666666667	0	1
30	0.10424735045631572	1	0.006515459403519733	0.0625	0	1
31	0.10424735045631572	1	0.006515459403519733	0.0625	0	1
32	0.10424735045631572	1	0.007601369304106355	0.07291666666666667	0	1
33	0.10424735045631572	1	0.008687279204692977	0.08333333333333333	0	1
34	0.10424735045631572	1	0.007601369304106355	0.07291666666666667	0	1
35	0.10424735045631572	1	0.006515459403519733	0.0625	0	1
36	0.10424735045631572	1	0.008687279204692977	0.08333333333333333	0	1
37	0.10424735045631572	1	0.008687279204692977	0.08333333333333333	0	1
38	0.10424735045631572	1	0.006515459403519733	0.0625	0	1
39	0.10424735045631572	1	0.006515459403519733	0.0625	0	1
40	0.10424735045631572	1	0.008687279204692977	0.08333333333333333	0	1
41	0.10424735045631572	1	0.008687279204692977	0.08333333333333333	0	1
42	0.10424735045631572	1	0.007601369304106355	0.07291666666666667	0	1
43	0.10424735045631572	1	0.007601369304106355	0.07291666666666667	0	1
44	0.10424735045631572	1	0.007601369304106355	0.07291666666666667	0	1
45	0.10424735045631572	1	0.007601369304106355	0.07291666666666667	0	1
46	0.10424735045631572	1	0.007601369304106355	0.07291666666666667	0	1
47	0.10424735045631572	1	0.008687279204692977	0.08333333333333333	0	1
48	0.10424735045631572	1	0.008687279204692977	0.08333333333333333	0	1
49	0.10424735045631572	1	0.007601369304106355	0.07291666666666667	0	1
50	0.10424735045631572	1	0.006515459403519733	0.0625	0	1
51	0.10424735045631572	1	0.007601369304106355	0.07291666666666667	0	1
52	0.10424735045631572	1	0.008687279204692977	0.08333333333333333	0	1
53	0.10424735045631572	1	0.008687279204692977	0.08333333333333333	0	1
54	0.10424735045631572	1	0.008687279204692977	0.08333333333333333	0	1
55	0.10424735045631572	1	0.008687279204692977	0.08333333333333333	0	1
56	0.10424735045631572	1	0.007601369304106355	0.07291666666666667	0	1
57	0.10424735045631572	1	0.006515459403519733	0.0625	0	1
58	0.10424735045631572	1	0.006515459403519733	0.0625	0	1
59	0.10424735045631572	1	0.008687279204692977	0.08333333333333333	0	1
60	0.10424735045631572	1	0.008687279204692977	0.08333333333333333	0	1
61	0.10424735045631572	1	0.008687279204692977	0.08333333333333333	0	1
62	0.10424735045631572	1	0.008687279204692977	0.08333333333333333	0	1
63	0.10424735045631572	1	0.008687279204692977	0.08333333333333333	0	1
64	0.10424735045631572	1	0.008687279204692977	0.08333333333333333	0	1
65	0.10424735045631572	1	0.007601369304106355	0.07291666666666667	0	1
66	0.10424735045631572	1	0.007601369304106355	0.07291666666666667	0	1
67	0.10424735045631572	1	0.007601369304106355	0.07291666666666667	0	1
68	0.10424735045631572	1	0.008687279204692977	0.08333333333333333	0	1
69	0.10424735045631572	1	0.008687279204692977	0.08333333333333333	0	1
70	0.10424735045631572	1	0.007601369304106355	0.07291666666666667	0	1
71	0.10424735045631572	1	0.007601369304106355	0.07291666666666667	0	1
72	0.10424735045631572	1	0.008687279204692977	0.08333333333333333	0	1
73	0.10424735045631572	1	0.007601369304106355	0.07291666666666667	0	1
74	0.10424735045631572	1	0.008687279204692977	0.08333333333333333	0	1
75	0.10424735045631572	1	0.008687279204692977	0.08333333333333333	0	1
76	0.10424735045631572	1	0.008687279204692977	0.08333333333333333	0	1
77	0.10424735045631572	1	0.008687279204692977	0.08333333333333333	0	1
78	0.10424735045631572	1	0.007601369304106355	0.07291666666666667	0	1
79	0.10424735045631572	1	0.008687279204692977	0.08333333333333333	0	1
80	0.10424735045631572	1	0.008687279204692977	0.08333333333333333	0	1
81	0.10424735045631572	1	0.008687279204692977	0.08333333333333333	0	1
82	0.10424735045631572	1	0.008687279204692977	0.08333333333333333	0	1
83	0.10424735045631572	1	0.007601369304106355	0.07291666666666667	0	1
84	0.10424735045631572	1	0.007601369304106355	0.07291666666666667	0	1
85	0.10424735045631572	1	0.008687279204692977	0.08333333333333333	0	1
86	0.10424735045631572	1	0.008687279204692977	0.08333333333333333	0	1
87	0.10424735045631572	1	0.008687279204692977	0.08333333333333333	0	1
88	0.10424735045631572	1	0.008687279204692977	0.08333333333333333	0	1
89	0.10424735045631572	1	0.007601369304106355	0.07291666666666667	0	1
90	0.10424735045631572	1	0.007601369304106355	0.07291666666666667	0	1
91	0.10424735045631572	1	0.008687279204692977	0.08333333333333333	0	1
92	0.10424735045631572	1	0.008687279204692977	0.08333333333333333	0	1
93	0.10424735045631572	1	0.008687279204692977	0.08333333333333333	0	1
94	0.10424735045631572	1	0.008687279204692977	0.08333333333333333	0	1
95	0.10424735045631572	1	0.007601369304106355	0.07291666666666667	0	1
96	0.10424735045631572	1	0.007601369304106355	0.07291666666666667	0	1
97	0.10424735045631572	1	0.007601369304106355	0.07291666666666667	0	1
98	0.10424735045631572	1	0.008687279204692977	0.08333333333333333	0	1
99	0.10424735045631572	1	0.007601369304106355	0.07291666666666667	0	1
0	0.10716935558267722	1	0.003349042361958663	0.03125	1	1
1	0.10716935558267722	1	0.003349042361958663	0.03125	0	1
2	0.10716935558267722	1	0.004465389815944884	0.041666666666666664	0	1
3	0.10716935558267722	1	0.005581737269931105	0.052083333333333336	0	1
4	0.10716935558267722	1	0.005581737269931105	0.052083333333333336	0	1
5	0.10716935558267722	1	0.005581737269931105	0.052083333333333336	0	1
6	0.10716935558267722	1	0.005581737269931105	0.052083333333333336	0	1
7	0.10716935558267722	1	0.007814432177903547	0.07291666666666667	0	1
8	0.10716935558267722	1	0.007814432177903547	0.07291666666666667	0	1
9	0.10716935558267722	1	0.006698084723917326	0.0625	0	1
10	0.10716935558267722	1	0.007814432177903547	0.07291666666666667	0	1
11	0.10716935558267722	1	0.00893077963188977	0.08333333333333333	0	1
12	0.10716935558267722	1	0.006698084723917326	0.0625	0	1
13	0.10716935558267722	1	0.005581737269931105	0.052083333333333336	0	1
14	0.10716935558267722	1	0.007814432177903547	0.07291666666666667	0	1
15	0.10716935558267722	1	0.00893077963188977	0.08333333333333333	0	1
16	0.10716935558267722	1	0.007814432177903547	0.07291666666666667	0	1
17	0.10716935558267722	1	0.00893077963188977	0.08333333333333333	0	1
18	0.10716935558267722	1	0.00893077963188977	0.08333333333333333	0	1
19	0.10716935558267722	1	0.007814432177903547	0.07291666666666667	0	1
20	0.10716935558267722	1	0.006698084723917326	0.0625	0	1
21	0.10716935558267722	1	0.006698084723917326	0.0625	0	1
22	0.10716935558267722	1	0.006698084723917326	0.0625	0	1
23	0.10716935558267722	1	0.007814432177903547	0.07291666666666667	0	1
24	0.10716935558267722	1	0.00893077963188977	0.08333333333333333	0	1
25	0.10716935558267722	1	0.00893077963188977	0.08333333333333333	0	1
26	0.10716935558267722	1	0.00893077963188977	0.08333333333333333	0	1
27	0.10716935558267722	1	0.006698084723917326	0.0625	0	1
28	0.10716935558267722	1	0.006698084723917326	0.0625	0	1
29	0.10716935558267722	1	0.007814432177903547	0.07291666666666667	0	1
30	0.10716935558267722	1	0.006698084723917326	0.0625	0	1
31	0.10716935558267722	1	0.006698084723917326	0.0625	0	1
32	0.10716935558267722	1	0.007814432177903547	0.07291666666666667	0	1
33	0.10716935558267722	1	0.00893077963188977	0.08333333333333333	0	1
34	0.10716935558267722	1	0.007814432177903547	0.07291666666666667	0	1
35	0.10716935558267722	1	0.006698084723917326	0.0625	0	1
36	0.10716935558267722	1	0.00893077963188977	0.08333333333333333	0	1
37	0.10716935558267722	1	0.00893077963188977	0.08333333333333333	0	1
38	0.10716935558267722	1	0.006698084723917326	0.0625	0	1
39	0.10716935558267722	1	0.006698084723917326	0.0625	0	1
40	0.10716935558267722	1	0.00893077963188977	0.08333333333333333	0	1
41	0.10716935558267722	1	0.00893077963188977	0.08333333333333333	0	1
42	0.10716935558267722	1	0.007814432177903547	0.07291666666666667	0	1
43	0.10716935558267722	1	0.007814432177903547	0.07291666666666667	0	1
44	0.10716935558267722	1	0.007814432177903547	0.07291666666666667	0	1
45	0.10716935558267722	1	0.007814432177903547	0.07291666666666667	0	1
46	0.10716935558267722	1	0.007814432177903547	0.07291666666666667	0	1
47	0.10716935558267722	1	0.00893077963188977	0.08333333333333333	0	1
48	0.10716935558267722	1	0.00893077963188977	0.08333333333333333	0	1
49	0.10716935558267722	1	0.007814432177903547	0.07291666666666667	0	1
50	0.10716935558267722	1	0.006698084723917326	0.0625	0	1
51	0.10716935558267722	1	0.007814432177903547	0.07291666666666667	0	1
52	0.10716935558267722	1	0.00893077963188977	0.08333333333333333	0	1
53	0.10716935558267722	1	0.00893077963188977	0.08333333333333333	0	1
54	0.10716935558267722	1	0.00893077963188977	0.08333333333333333	0	1
55	0.10716935558267722	1	0.00893077963188977	0.08333333333333333	0	1
56	0.10716935558267722	1	0.007814432177903547	0.07291666666666667	0	1
57	0.10716935558267722	1	0.006698084723917326	0.0625	0	1
58	0.10716935558267722	1	0.006698084723917326	0.0625	0	1
59	0.10716935558267722	1	0.00893077963188977	0.08333333333333333	0	1
60	0.10716935558267722	1	0.00893077963188977	0.08333333333333333	0	1
61	0.10716935558267722	1	0.00893077963188977	0.08333333333333333	0	1
62	0.10716935558267722	1	0.00893077963188977	0.08333333333333333	0	1
63	0.10716935558267722	1	0.00893077963188977	0.08333333333333333	0	1
64	0.10716935558267722	1	0.00893077963188977	0.08333333333333333	0	1
65	0.10716935558267722	1	0.007814432177903547	0.07291666666666667	0	1
66	0.10716935558267722	1	0.007814432177903547	0.07291666666666667	0	1
67	0.10716935558267722	1	0.007814432177903547	0.07291666666666667	0	1
68	0.10716935558267722	1	0.00893077963188977	0.08333333333333333	0	1
69	0.10716935558267722	1	0.00893077963188977	0.08333333333333333	0	1
70	0.10716935558267722	1	0.007814432177903547	0.07291666666666667	0	1
71	0.10716935558267722	1	0.007814432177903547	0.07291666666666667	0	1
72	0.10716935558267722	1	0.00893077963188977	0.08333333333333333	0	1
73	0.10716935558267722	1	0.007814432177903547	0.07291666666666667	0	1
74	0.10716935558267722	1	0.00893077963188977	0.08333333333333333	0	1
75	0.10716935558267722	1	0.00893077963188977	0.08333333333333333	0	1
76	0.10716935558267722	1	0.00893077963188977	0.08333333333333333	0	1
77	0.10716935558267722	1	0.00893077963188977	0.08333333333333333	0	1
78	0.10716935558267722	1	0.007814432177903547	0.07291666666666667	0	1
79	0.10716935558267722	1	0.00893077963188977	0.08333333333333333	0	1
80	0.10716935558267722	1	0.00893077963188977	0.08333333333333333	0	1
81	0.10716935558267722	1	0.00893077963188977	0.08333333333333333	0	1
82	0.10716935558267722	1	0.00893077963188977	0.08333333333333333	0	1
83	0.10716935558267722	1	0.007814432177903547	0.07291666666666667	0	1
84	0.10716935558267722	1	0.007814432177903547	0.07291666666666667	0	1
85	0.10716935558267722	1	0.00893077963188977	0.08333333333333333	0	1
86	0.10716935558267722	1	0.00893077963188977	0.08333333333333333	0	1
87	0.10716935558267722	1	0.00893077963188977	0.08333333333333333	0	1
88	0.10716935558267722	1	0.00893077963188977	0.08333333333333333	0	1
89	0.10716935558267722	1	0.007814432177903547	0.07291666666666667	0	1
90	0.10716935558267722	1	0.007814432177903547	0.07291666666666667	0	1
91	0.10716935558267722	1	0.00893077963188977	0.08333333333333333	0	1
92	0.10716935558267722	1	0.00893077963188977	0.08333333333333333	0	1
93	0.10716935558267722	1	0.00893077963188977	0.08333333333333333	0	1
94	0.10716935558267722	1	0.00893077963188977	0.08333333333333333	0	1
95	0.10716935558267722	1	0.007814432177903547	0.07291666666666667	0	1
96	0.10716935558267722	1	0.007814432177903547	0.07291666666666667	0	1
97	0.10716935558267722	1	0.007814432177903547	0.07291666666666667	0	1
98	0.10716935558267722	1	0.00893077963188977	0.08333333333333333	0	1
99	0.10716935558267722	1	0.007814432177903547	0.07291666666666667	0	1